# x	y	err
0.000000000000000000e+00 8.994886421710763358e+00 5.202766221254172763e+00
5.000000000000000000e-01 2.043567912370089168e+00 1.885176078529732679e+00
1.000000000000000000e+00 -7.089083361502508396e-01 1.772235869303366851e+00
1.500000000000000000e+00 3.441024683557158070e+00 1.974636586003856165e+00
2.000000000000000000e+00 1.021656426886757840e+00 1.240697350169295277e+00
2.500000000000000000e+00 7.053994490359250413e+00 3.899036471145318483e+00
3.000000000000000000e+00 6.357405565095466393e-01 2.333505125419037540e+00
3.500000000000000000e+00 -2.787962141196326460e+00 2.742299262995374853e+00
4.000000000000000000e+00 8.845132174332450248e+00 7.026147045556472293e+00
4.500000000000000000e+00 1.397067039329826565e+00 2.241911704039940112e+00
5.000000000000000000e+00 3.109554885559395743e+00 1.470812875462591762e+00
5.500000000000000000e+00 5.289566608694653560e+00 2.394009478904103982e+00
6.000000000000000000e+00 1.107904054376211178e+01 3.041580797531883373e+00
6.500000000000000000e+00 1.124272275033237278e+01 2.350033085197436478e+00
7.000000000000000000e+00 8.006526934078740609e+00 1.195556431772306194e+00
7.500000000000000000e+00 1.114559094604161693e+01 1.569738437178801238e+00
8.000000000000000000e+00 1.448229699028503248e+01 2.409237168594149381e+00
8.500000000000000000e+00 1.360040944130821217e+01 5.116551860885623526e+00
9.000000000000000000e+00 1.920695820683068433e+01 1.578076562813514716e+00
9.500000000000000000e+00 2.147635462874525203e+01 1.581062669655439734e+00
1.000000000000000000e+01 2.511420749797658303e+01 1.932270300326594192e+00
