# x	 y
0.000000000000000000e+00 1.164118997464665295e+00
5.000000000000000000e-01 1.444296135641890899e+01
1.000000000000000000e+00 1.878054018709100248e+01
1.500000000000000000e+00 8.809421493282666660e+00
2.000000000000000000e+00 1.259546029117759147e+00
2.500000000000000000e+00 1.744083532705403528e+01
3.000000000000000000e+00 9.276234898067688306e+00
3.500000000000000000e+00 8.854042283762552756e+00
4.000000000000000000e+00 2.562861011218508978e+01
4.500000000000000000e+00 1.194202849448483406e+01
5.000000000000000000e+00 1.971410728552640990e+01
5.500000000000000000e+00 2.322377350680818253e+01
6.000000000000000000e+00 2.438750066040815057e+01
6.500000000000000000e+00 3.377113213506445533e+01
7.000000000000000000e+00 3.252003004740002723e+01
7.500000000000000000e+00 3.407927197742872494e+01
8.000000000000000000e+00 2.844740945269413857e+01
8.500000000000000000e+00 4.437047634072455793e+01
9.000000000000000000e+00 4.927794993210081032e+01
9.500000000000000000e+00 5.274246188329654217e+01
1.000000000000000000e+01 6.519302424774183180e+01
